5
33
19125010
2020 4 6 13 30 15 30 -1
2020 4 10 15 30 17 30 -1
2020 4 11 9 30 11 30 -1
2020 4 13 13 30 15 30 -1
2020 4 17 15 30 17 30 -1
2020 4 18 9 30 11 30 -1
2020 4 20 13 30 15 30 -1
2020 4 24 15 30 17 30 -1
2020 4 25 9 30 11 30 -1
2020 4 27 13 30 15 30 -1
2020 5 1 15 30 17 30 -1
2020 5 2 9 30 11 30 -1
2020 5 4 13 30 15 30 -1
2020 5 8 15 30 17 30 -1
2020 5 9 9 30 11 30 -1
2020 5 11 13 30 15 30 -1
2020 5 15 15 30 17 30 -1
2020 5 16 9 30 11 30 -1
2020 5 18 13 30 15 30 -1
2020 5 22 15 30 17 30 -1
2020 5 23 9 30 11 30 -1
2020 5 25 13 30 15 30 -1
2020 5 29 15 30 17 30 -1
2020 5 30 9 30 11 30 -1
2020 6 1 13 30 15 30 -1
2020 6 5 15 30 17 30 -1
2020 6 6 9 30 11 30 -1
2020 6 8 13 30 15 30 -1
2020 6 12 15 30 17 30 -1
2020 6 13 9 30 11 30 -1
2020 6 15 13 30 15 30 -1
2020 6 19 15 30 17 30 -1
2020 6 20 9 30 11 30 -1
19125011
2020 4 6 13 30 15 30 -1
2020 4 10 15 30 17 30 -1
2020 4 11 9 30 11 30 -1
2020 4 13 13 30 15 30 -1
2020 4 17 15 30 17 30 -1
2020 4 18 9 30 11 30 -1
2020 4 20 13 30 15 30 -1
2020 4 24 15 30 17 30 -1
2020 4 25 9 30 11 30 -1
2020 4 27 13 30 15 30 -1
2020 5 1 15 30 17 30 -1
2020 5 2 9 30 11 30 -1
2020 5 4 13 30 15 30 -1
2020 5 8 15 30 17 30 -1
2020 5 9 9 30 11 30 -1
2020 5 11 13 30 15 30 -1
2020 5 15 15 30 17 30 -1
2020 5 16 9 30 11 30 -1
2020 5 18 13 30 15 30 -1
2020 5 22 15 30 17 30 -1
2020 5 23 9 30 11 30 -1
2020 5 25 13 30 15 30 -1
2020 5 29 15 30 17 30 -1
2020 5 30 9 30 11 30 -1
2020 6 1 13 30 15 30 -1
2020 6 5 15 30 17 30 -1
2020 6 6 9 30 11 30 -1
2020 6 8 13 30 15 30 -1
2020 6 12 15 30 17 30 -1
2020 6 13 9 30 11 30 -1
2020 6 15 13 30 15 30 -1
2020 6 19 15 30 17 30 -1
2020 6 20 9 30 11 30 -1
19125014
2020 4 6 13 30 15 30 -1
2020 4 10 15 30 17 30 -1
2020 4 11 9 30 11 30 -1
2020 4 13 13 30 15 30 -1
2020 4 17 15 30 17 30 -1
2020 4 18 9 30 11 30 -1
2020 4 20 13 30 15 30 -1
2020 4 24 15 30 17 30 -1
2020 4 25 9 30 11 30 -1
2020 4 27 13 30 15 30 -1
2020 5 1 15 30 17 30 -1
2020 5 2 9 30 11 30 -1
2020 5 4 13 30 15 30 -1
2020 5 8 15 30 17 30 -1
2020 5 9 9 30 11 30 -1
2020 5 11 13 30 15 30 -1
2020 5 15 15 30 17 30 -1
2020 5 16 9 30 11 30 -1
2020 5 18 13 30 15 30 -1
2020 5 22 15 30 17 30 -1
2020 5 23 9 30 11 30 -1
2020 5 25 13 30 15 30 -1
2020 5 29 15 30 17 30 -1
2020 5 30 9 30 11 30 -1
2020 6 1 13 30 15 30 -1
2020 6 5 15 30 17 30 -1
2020 6 6 9 30 11 30 -1
2020 6 8 13 30 15 30 -1
2020 6 12 15 30 17 30 -1
2020 6 13 9 30 11 30 -1
2020 6 15 13 30 15 30 -1
2020 6 19 15 30 17 30 -1
2020 6 20 9 30 11 30 -1
19125017
2020 4 6 13 30 15 30 -1
2020 4 10 15 30 17 30 -1
2020 4 11 9 30 11 30 -1
2020 4 13 13 30 15 30 -1
2020 4 17 15 30 17 30 -1
2020 4 18 9 30 11 30 -1
2020 4 20 13 30 15 30 -1
2020 4 24 15 30 17 30 -1
2020 4 25 9 30 11 30 -1
2020 4 27 13 30 15 30 -1
2020 5 1 15 30 17 30 -1
2020 5 2 9 30 11 30 -1
2020 5 4 13 30 15 30 -1
2020 5 8 15 30 17 30 -1
2020 5 9 9 30 11 30 -1
2020 5 11 13 30 15 30 -1
2020 5 15 15 30 17 30 -1
2020 5 16 9 30 11 30 -1
2020 5 18 13 30 15 30 -1
2020 5 22 15 30 17 30 -1
2020 5 23 9 30 11 30 -1
2020 5 25 13 30 15 30 -1
2020 5 29 15 30 17 30 -1
2020 5 30 9 30 11 30 -1
2020 6 1 13 30 15 30 -1
2020 6 5 15 30 17 30 -1
2020 6 6 9 30 11 30 -1
2020 6 8 13 30 15 30 -1
2020 6 12 15 30 17 30 -1
2020 6 13 9 30 11 30 -1
2020 6 15 13 30 15 30 -1
2020 6 19 15 30 17 30 -1
2020 6 20 9 30 11 30 -1
19125029
2020 4 6 13 30 15 30 -1
2020 4 10 15 30 17 30 -1
2020 4 11 9 30 11 30 -1
2020 4 13 13 30 15 30 -1
2020 4 17 15 30 17 30 -1
2020 4 18 9 30 11 30 -1
2020 4 20 13 30 15 30 -1
2020 4 24 15 30 17 30 -1
2020 4 25 9 30 11 30 -1
2020 4 27 13 30 15 30 -1
2020 5 1 15 30 17 30 -1
2020 5 2 9 30 11 30 -1
2020 5 4 13 30 15 30 -1
2020 5 8 15 30 17 30 -1
2020 5 9 9 30 11 30 -1
2020 5 11 13 30 15 30 -1
2020 5 15 15 30 17 30 -1
2020 5 16 9 30 11 30 -1
2020 5 18 13 30 15 30 -1
2020 5 22 15 30 17 30 -1
2020 5 23 9 30 11 30 -1
2020 5 25 13 30 15 30 -1
2020 5 29 15 30 17 30 -1
2020 5 30 9 30 11 30 -1
2020 6 1 13 30 15 30 -1
2020 6 5 15 30 17 30 -1
2020 6 6 9 30 11 30 -1
2020 6 8 13 30 15 30 -1
2020 6 12 15 30 17 30 -1
2020 6 13 9 30 11 30 -1
2020 6 15 13 30 15 30 -1
2020 6 19 15 30 17 30 -1
2020 6 20 9 30 11 30 -1
