5
17
19125001
2020 4 6 15 30 17 30 -1
2020 4 7 15 30 17 30 -1
2020 4 13 15 30 17 30 -1
2020 4 14 15 30 17 30 -1
2020 4 20 15 30 17 30 -1
2020 4 21 15 30 17 30 -1
2020 4 27 15 30 17 30 -1
2020 4 28 15 30 17 30 -1
2020 5 4 15 30 17 30 -1
2020 5 5 15 30 17 30 -1
2020 5 11 15 30 17 30 -1
2020 5 12 15 30 17 30 -1
2020 5 18 15 30 17 30 -1
2020 5 19 15 30 17 30 -1
2020 5 25 15 30 17 30 -1
2020 5 26 15 30 17 30 -1
2020 6 1 15 30 17 30 -1
19125002
2020 4 6 15 30 17 30 -1
2020 4 7 15 30 17 30 -1
2020 4 13 15 30 17 30 -1
2020 4 14 15 30 17 30 -1
2020 4 20 15 30 17 30 -1
2020 4 21 15 30 17 30 -1
2020 4 27 15 30 17 30 -1
2020 4 28 15 30 17 30 -1
2020 5 4 15 30 17 30 -1
2020 5 5 15 30 17 30 -1
2020 5 11 15 30 17 30 -1
2020 5 12 15 30 17 30 -1
2020 5 18 15 30 17 30 -1
2020 5 19 15 30 17 30 -1
2020 5 25 15 30 17 30 -1
2020 5 26 15 30 17 30 -1
2020 6 1 15 30 17 30 -1
19125003
2020 4 6 15 30 17 30 -1
2020 4 7 15 30 17 30 -1
2020 4 13 15 30 17 30 -1
2020 4 14 15 30 17 30 -1
2020 4 20 15 30 17 30 -1
2020 4 21 15 30 17 30 -1
2020 4 27 15 30 17 30 -1
2020 4 28 15 30 17 30 -1
2020 5 4 15 30 17 30 -1
2020 5 5 15 30 17 30 -1
2020 5 11 15 30 17 30 -1
2020 5 12 15 30 17 30 -1
2020 5 18 15 30 17 30 -1
2020 5 19 15 30 17 30 -1
2020 5 25 15 30 17 30 -1
2020 5 26 15 30 17 30 -1
2020 6 1 15 30 17 30 -1
19125006
2020 4 6 15 30 17 30 -1
2020 4 7 15 30 17 30 -1
2020 4 13 15 30 17 30 -1
2020 4 14 15 30 17 30 -1
2020 4 20 15 30 17 30 -1
2020 4 21 15 30 17 30 -1
2020 4 27 15 30 17 30 -1
2020 4 28 15 30 17 30 -1
2020 5 4 15 30 17 30 -1
2020 5 5 15 30 17 30 -1
2020 5 11 15 30 17 30 -1
2020 5 12 15 30 17 30 -1
2020 5 18 15 30 17 30 -1
2020 5 19 15 30 17 30 -1
2020 5 25 15 30 17 30 -1
2020 5 26 15 30 17 30 -1
2020 6 1 15 30 17 30 -1
19125007
2020 4 6 15 30 17 30 -1
2020 4 7 15 30 17 30 -1
2020 4 13 15 30 17 30 -1
2020 4 14 15 30 17 30 -1
2020 4 20 15 30 17 30 -1
2020 4 21 15 30 17 30 -1
2020 4 27 15 30 17 30 -1
2020 4 28 15 30 17 30 -1
2020 5 4 15 30 17 30 -1
2020 5 5 15 30 17 30 -1
2020 5 11 15 30 17 30 -1
2020 5 12 15 30 17 30 -1
2020 5 18 15 30 17 30 -1
2020 5 19 15 30 17 30 -1
2020 5 25 15 30 17 30 -1
2020 5 26 15 30 17 30 -1
2020 6 1 15 30 17 30 -1
