6
18
19125010
2020 4 6 7 30 9 30 -1
2020 4 6 9 30 11 30 -1
2020 4 13 7 30 9 30 -1
2020 4 13 9 30 11 30 -1
2020 4 20 7 30 9 30 -1
2020 4 20 9 30 11 30 -1
2020 4 27 7 30 9 30 -1
2020 4 27 9 30 11 30 -1
2020 5 4 7 30 9 30 -1
2020 5 4 9 30 11 30 -1
2020 5 11 7 30 9 30 -1
2020 5 11 9 30 11 30 -1
2020 5 18 7 30 9 30 -1
2020 5 18 9 30 11 30 -1
2020 5 25 7 30 9 30 -1
2020 5 25 9 30 11 30 -1
2020 6 1 7 30 9 30 -1
2020 6 1 9 30 11 30 -1
19125011
2020 4 6 7 30 9 30 -1
2020 4 6 9 30 11 30 -1
2020 4 13 7 30 9 30 -1
2020 4 13 9 30 11 30 -1
2020 4 20 7 30 9 30 -1
2020 4 20 9 30 11 30 -1
2020 4 27 7 30 9 30 -1
2020 4 27 9 30 11 30 -1
2020 5 4 7 30 9 30 -1
2020 5 4 9 30 11 30 -1
2020 5 11 7 30 9 30 -1
2020 5 11 9 30 11 30 -1
2020 5 18 7 30 9 30 -1
2020 5 18 9 30 11 30 -1
2020 5 25 7 30 9 30 -1
2020 5 25 9 30 11 30 -1
2020 6 1 7 30 9 30 -1
2020 6 1 9 30 11 30 -1
19125014
2020 4 6 7 30 9 30 -1
2020 4 6 9 30 11 30 -1
2020 4 13 7 30 9 30 -1
2020 4 13 9 30 11 30 -1
2020 4 20 7 30 9 30 -1
2020 4 20 9 30 11 30 -1
2020 4 27 7 30 9 30 -1
2020 4 27 9 30 11 30 -1
2020 5 4 7 30 9 30 -1
2020 5 4 9 30 11 30 -1
2020 5 11 7 30 9 30 -1
2020 5 11 9 30 11 30 -1
2020 5 18 7 30 9 30 -1
2020 5 18 9 30 11 30 -1
2020 5 25 7 30 9 30 -1
2020 5 25 9 30 11 30 -1
2020 6 1 7 30 9 30 -1
2020 6 1 9 30 11 30 -1
19125017
2020 4 6 7 30 9 30 -1
2020 4 6 9 30 11 30 -1
2020 4 13 7 30 9 30 -1
2020 4 13 9 30 11 30 -1
2020 4 20 7 30 9 30 -1
2020 4 20 9 30 11 30 -1
2020 4 27 7 30 9 30 -1
2020 4 27 9 30 11 30 -1
2020 5 4 7 30 9 30 -1
2020 5 4 9 30 11 30 -1
2020 5 11 7 30 9 30 -1
2020 5 11 9 30 11 30 -1
2020 5 18 7 30 9 30 -1
2020 5 18 9 30 11 30 -1
2020 5 25 7 30 9 30 -1
2020 5 25 9 30 11 30 -1
2020 6 1 7 30 9 30 -1
2020 6 1 9 30 11 30 -1
19125029
2020 4 6 7 30 9 30 -1
2020 4 6 9 30 11 30 -1
2020 4 13 7 30 9 30 -1
2020 4 13 9 30 11 30 -1
2020 4 20 7 30 9 30 -1
2020 4 20 9 30 11 30 -1
2020 4 27 7 30 9 30 -1
2020 4 27 9 30 11 30 -1
2020 5 4 7 30 9 30 -1
2020 5 4 9 30 11 30 -1
2020 5 11 7 30 9 30 -1
2020 5 11 9 30 11 30 -1
2020 5 18 7 30 9 30 -1
2020 5 18 9 30 11 30 -1
2020 5 25 7 30 9 30 -1
2020 5 25 9 30 11 30 -1
2020 6 1 7 30 9 30 -1
2020 6 1 9 30 11 30 -1
19125043
2020 4 6 7 30 9 30 -1
2020 4 6 9 30 11 30 -1
2020 4 13 7 30 9 30 -1
2020 4 13 9 30 11 30 -1
2020 4 20 7 30 9 30 -1
2020 4 20 9 30 11 30 -1
2020 4 27 7 30 9 30 -1
2020 4 27 9 30 11 30 -1
2020 5 4 7 30 9 30 -1
2020 5 4 9 30 11 30 -1
2020 5 11 7 30 9 30 -1
2020 5 11 9 30 11 30 -1
2020 5 18 7 30 9 30 -1
2020 5 18 9 30 11 30 -1
2020 5 25 7 30 9 30 -1
2020 5 25 9 30 11 30 -1
2020 6 1 7 30 9 30 -1
2020 6 1 9 30 11 30 -1
