5
17
19125001
2020 4 6 7 30 9 30 -1
2020 4 10 15 30 17 30 -1
2020 4 13 7 30 9 30 -1
2020 4 17 15 30 17 30 -1
2020 4 20 7 30 9 30 -1
2020 4 24 15 30 17 30 -1
2020 4 27 7 30 9 30 -1
2020 5 1 15 30 17 30 -1
2020 5 4 7 30 9 30 -1
2020 5 8 15 30 17 30 -1
2020 5 11 7 30 9 30 -1
2020 5 15 15 30 17 30 -1
2020 5 18 7 30 9 30 -1
2020 5 22 15 30 17 30 -1
2020 5 25 7 30 9 30 -1
2020 5 29 15 30 17 30 -1
2020 6 1 7 30 9 30 -1
19125002
2020 4 6 7 30 9 30 -1
2020 4 10 15 30 17 30 -1
2020 4 13 7 30 9 30 -1
2020 4 17 15 30 17 30 -1
2020 4 20 7 30 9 30 -1
2020 4 24 15 30 17 30 -1
2020 4 27 7 30 9 30 -1
2020 5 1 15 30 17 30 -1
2020 5 4 7 30 9 30 -1
2020 5 8 15 30 17 30 -1
2020 5 11 7 30 9 30 -1
2020 5 15 15 30 17 30 -1
2020 5 18 7 30 9 30 -1
2020 5 22 15 30 17 30 -1
2020 5 25 7 30 9 30 -1
2020 5 29 15 30 17 30 -1
2020 6 1 7 30 9 30 -1
19125003
2020 4 6 7 30 9 30 -1
2020 4 10 15 30 17 30 -1
2020 4 13 7 30 9 30 -1
2020 4 17 15 30 17 30 -1
2020 4 20 7 30 9 30 -1
2020 4 24 15 30 17 30 -1
2020 4 27 7 30 9 30 -1
2020 5 1 15 30 17 30 -1
2020 5 4 7 30 9 30 -1
2020 5 8 15 30 17 30 -1
2020 5 11 7 30 9 30 -1
2020 5 15 15 30 17 30 -1
2020 5 18 7 30 9 30 -1
2020 5 22 15 30 17 30 -1
2020 5 25 7 30 9 30 -1
2020 5 29 15 30 17 30 -1
2020 6 1 7 30 9 30 -1
19125006
2020 4 6 7 30 9 30 -1
2020 4 10 15 30 17 30 -1
2020 4 13 7 30 9 30 -1
2020 4 17 15 30 17 30 -1
2020 4 20 7 30 9 30 -1
2020 4 24 15 30 17 30 -1
2020 4 27 7 30 9 30 -1
2020 5 1 15 30 17 30 -1
2020 5 4 7 30 9 30 -1
2020 5 8 15 30 17 30 -1
2020 5 11 7 30 9 30 -1
2020 5 15 15 30 17 30 -1
2020 5 18 7 30 9 30 -1
2020 5 22 15 30 17 30 -1
2020 5 25 7 30 9 30 -1
2020 5 29 15 30 17 30 -1
2020 6 1 7 30 9 30 -1
19125007
2020 4 6 7 30 9 30 -1
2020 4 10 15 30 17 30 -1
2020 4 13 7 30 9 30 -1
2020 4 17 15 30 17 30 -1
2020 4 20 7 30 9 30 -1
2020 4 24 15 30 17 30 -1
2020 4 27 7 30 9 30 -1
2020 5 1 15 30 17 30 -1
2020 5 4 7 30 9 30 -1
2020 5 8 15 30 17 30 -1
2020 5 11 7 30 9 30 -1
2020 5 15 15 30 17 30 -1
2020 5 18 7 30 9 30 -1
2020 5 22 15 30 17 30 -1
2020 5 25 7 30 9 30 -1
2020 5 29 15 30 17 30 -1
2020 6 1 7 30 9 30 -1
