5
17
19125043
2020 4 6 13 30 15 30 -1
2020 4 7 15 30 17 30 -1
2020 4 13 13 30 15 30 -1
2020 4 14 15 30 17 30 -1
2020 4 20 13 30 15 30 -1
2020 4 21 15 30 17 30 -1
2020 4 27 13 30 15 30 -1
2020 4 28 15 30 17 30 -1
2020 5 4 13 30 15 30 -1
2020 5 5 15 30 17 30 -1
2020 5 11 13 30 15 30 -1
2020 5 12 15 30 17 30 -1
2020 5 18 13 30 15 30 -1
2020 5 19 15 30 17 30 -1
2020 5 25 13 30 15 30 -1
2020 5 26 15 30 17 30 -1
2020 6 1 13 30 15 30 -1
19125046
2020 4 6 13 30 15 30 -1
2020 4 7 15 30 17 30 -1
2020 4 13 13 30 15 30 -1
2020 4 14 15 30 17 30 -1
2020 4 20 13 30 15 30 -1
2020 4 21 15 30 17 30 -1
2020 4 27 13 30 15 30 -1
2020 4 28 15 30 17 30 -1
2020 5 4 13 30 15 30 -1
2020 5 5 15 30 17 30 -1
2020 5 11 13 30 15 30 -1
2020 5 12 15 30 17 30 -1
2020 5 18 13 30 15 30 -1
2020 5 19 15 30 17 30 -1
2020 5 25 13 30 15 30 -1
2020 5 26 15 30 17 30 -1
2020 6 1 13 30 15 30 -1
19125050
2020 4 6 13 30 15 30 -1
2020 4 7 15 30 17 30 -1
2020 4 13 13 30 15 30 -1
2020 4 14 15 30 17 30 -1
2020 4 20 13 30 15 30 -1
2020 4 21 15 30 17 30 -1
2020 4 27 13 30 15 30 -1
2020 4 28 15 30 17 30 -1
2020 5 4 13 30 15 30 -1
2020 5 5 15 30 17 30 -1
2020 5 11 13 30 15 30 -1
2020 5 12 15 30 17 30 -1
2020 5 18 13 30 15 30 -1
2020 5 19 15 30 17 30 -1
2020 5 25 13 30 15 30 -1
2020 5 26 15 30 17 30 -1
2020 6 1 13 30 15 30 -1
19125102
2020 4 6 13 30 15 30 -1
2020 4 7 15 30 17 30 -1
2020 4 13 13 30 15 30 -1
2020 4 14 15 30 17 30 -1
2020 4 20 13 30 15 30 -1
2020 4 21 15 30 17 30 -1
2020 4 27 13 30 15 30 -1
2020 4 28 15 30 17 30 -1
2020 5 4 13 30 15 30 -1
2020 5 5 15 30 17 30 -1
2020 5 11 13 30 15 30 -1
2020 5 12 15 30 17 30 -1
2020 5 18 13 30 15 30 -1
2020 5 19 15 30 17 30 -1
2020 5 25 13 30 15 30 -1
2020 5 26 15 30 17 30 -1
2020 6 1 13 30 15 30 -1
19125122
2020 4 6 13 30 15 30 -1
2020 4 7 15 30 17 30 -1
2020 4 13 13 30 15 30 -1
2020 4 14 15 30 17 30 -1
2020 4 20 13 30 15 30 -1
2020 4 21 15 30 17 30 -1
2020 4 27 13 30 15 30 -1
2020 4 28 15 30 17 30 -1
2020 5 4 13 30 15 30 -1
2020 5 5 15 30 17 30 -1
2020 5 11 13 30 15 30 -1
2020 5 12 15 30 17 30 -1
2020 5 18 13 30 15 30 -1
2020 5 19 15 30 17 30 -1
2020 5 25 13 30 15 30 -1
2020 5 26 15 30 17 30 -1
2020 6 1 13 30 15 30 -1
