5
17
19125043
2020 4 6 9 30 11 30 -1
2020 4 7 9 30 11 30 -1
2020 4 13 9 30 11 30 -1
2020 4 14 9 30 11 30 -1
2020 4 20 9 30 11 30 -1
2020 4 21 9 30 11 30 -1
2020 4 27 9 30 11 30 -1
2020 4 28 9 30 11 30 -1
2020 5 4 9 30 11 30 -1
2020 5 5 9 30 11 30 -1
2020 5 11 9 30 11 30 -1
2020 5 12 9 30 11 30 -1
2020 5 18 9 30 11 30 -1
2020 5 19 9 30 11 30 -1
2020 5 25 9 30 11 30 -1
2020 5 26 9 30 11 30 -1
2020 6 1 9 30 11 30 -1
19125046
2020 4 6 9 30 11 30 -1
2020 4 7 9 30 11 30 -1
2020 4 13 9 30 11 30 -1
2020 4 14 9 30 11 30 -1
2020 4 20 9 30 11 30 -1
2020 4 21 9 30 11 30 -1
2020 4 27 9 30 11 30 -1
2020 4 28 9 30 11 30 -1
2020 5 4 9 30 11 30 -1
2020 5 5 9 30 11 30 -1
2020 5 11 9 30 11 30 -1
2020 5 12 9 30 11 30 -1
2020 5 18 9 30 11 30 -1
2020 5 19 9 30 11 30 -1
2020 5 25 9 30 11 30 -1
2020 5 26 9 30 11 30 -1
2020 6 1 9 30 11 30 -1
19125050
2020 4 6 9 30 11 30 -1
2020 4 7 9 30 11 30 -1
2020 4 13 9 30 11 30 -1
2020 4 14 9 30 11 30 -1
2020 4 20 9 30 11 30 -1
2020 4 21 9 30 11 30 -1
2020 4 27 9 30 11 30 -1
2020 4 28 9 30 11 30 -1
2020 5 4 9 30 11 30 -1
2020 5 5 9 30 11 30 -1
2020 5 11 9 30 11 30 -1
2020 5 12 9 30 11 30 -1
2020 5 18 9 30 11 30 -1
2020 5 19 9 30 11 30 -1
2020 5 25 9 30 11 30 -1
2020 5 26 9 30 11 30 -1
2020 6 1 9 30 11 30 -1
19125102
2020 4 6 9 30 11 30 -1
2020 4 7 9 30 11 30 -1
2020 4 13 9 30 11 30 -1
2020 4 14 9 30 11 30 -1
2020 4 20 9 30 11 30 -1
2020 4 21 9 30 11 30 -1
2020 4 27 9 30 11 30 -1
2020 4 28 9 30 11 30 -1
2020 5 4 9 30 11 30 -1
2020 5 5 9 30 11 30 -1
2020 5 11 9 30 11 30 -1
2020 5 12 9 30 11 30 -1
2020 5 18 9 30 11 30 -1
2020 5 19 9 30 11 30 -1
2020 5 25 9 30 11 30 -1
2020 5 26 9 30 11 30 -1
2020 6 1 9 30 11 30 -1
19125122
2020 4 6 9 30 11 30 -1
2020 4 7 9 30 11 30 -1
2020 4 13 9 30 11 30 -1
2020 4 14 9 30 11 30 -1
2020 4 20 9 30 11 30 -1
2020 4 21 9 30 11 30 -1
2020 4 27 9 30 11 30 -1
2020 4 28 9 30 11 30 -1
2020 5 4 9 30 11 30 -1
2020 5 5 9 30 11 30 -1
2020 5 11 9 30 11 30 -1
2020 5 12 9 30 11 30 -1
2020 5 18 9 30 11 30 -1
2020 5 19 9 30 11 30 -1
2020 5 25 9 30 11 30 -1
2020 5 26 9 30 11 30 -1
2020 6 1 9 30 11 30 -1
